192 192 25 
192 192 25 
192 192 25 
256 256 25 
192 192 25 
256 208 50 
256 208 50 
256 208 50 
288 256 50 
228 256 50 
256 256 50 
256 256 50 
256 256 50 
288 216 50 
256 288 50 
256 256 50 
256 256 50 
256 256 50 
288 288 50 
208 256 50 
232 256 50 
232 256 50 
232 256 50 
288 216 50 
232 256 50 
192 256 50 
192 256 50 
192 256 50 
256 256 50 
256 256 50 
256 256 50 
256 256 50 
256 256 50 
256 256 50 
256 256 50 
256 256 50 
256 256 50 
256 256 50 
256 256 50 
256 256 50 
256 256 50 
256 256 50 
256 256 50 
256 256 50 
256 256 50 
256 256 50 
256 256 50 
256 256 50 
256 256 50 
288 288 50 
256 256 50 
256 256 50 
256 256 50 
256 256 50 
288 288 50 
256 256 50 
256 256 50 
256 256 50 
288 288 50 
288 288 50 
256 256 50 
256 256 50 
256 256 50 
288 288 50 
288 288 50 
256 256 50 
256 256 50 
256 256 50 
288 288 50 
256 256 50 
256 256 50 
256 256 50 
256 256 50 
256 256 50 
256 256 50 
256 256 50 
256 256 50 
256 256 50 
256 256 50 
256 256 50 
512 384 50 
512 512 50 
256 256 50 
256 256 50 
256 256 50 
512 384 50 
384 512 50 
256 256 50 
256 256 50 
256 256 50 
512 384 50 
384 512 50 
256 256 50 
256 256 50 
256 256 50 
464 512 50 
464 512 50 
256 256 50 
256 256 50 
256 256 50 
384 512 50 
174 192 25 
174 192 25 
174 192 25 
256 240 25 
240 256 25 
162 192 25 
162 192 25 
162 192 25 
256 232 25 
256 256 25 
192 192 25 
192 192 25 
192 192 25 
256 232 25 
232 256 25 
192 174 25 
192 174 25 
192 174 25 
256 256 25 
256 256 25 
192 192 25 
192 192 25 
192 192 25 
256 256 25 
192 192 25 
180 192 25 
180 192 25 
180 192 25 
256 216 25 
248 256 25 
256 256 25 
256 256 25 
256 256 25 
256 232 25 
256 256 25 
174 192 25 
174 192 25 
174 192 25 
256 232 25 
256 256 25 
162 192 25 
162 192 25 
162 192 25 
256 216 25 
256 256 25 
232 256 50 
232 256 50 
232 256 50 
256 216 50 
256 256 50 
232 256 50 
232 256 50 
232 256 50 
256 232 50 
256 256 50 
224 256 50 
224 256 50 
224 256 50 
256 216 50 
256 256 50 
216 256 50 
216 256 50 
216 256 50 
256 216 50 
256 256 50 
256 232 50 
256 232 50 
256 232 50 
256 216 50 
216 256 50 
228 256 50 
228 256 50 
228 256 50 
288 248 50 
232 256 50 
232 256 50 
232 256 50 
288 288 50 
256 256 50 
256 256 50 
256 256 50 
256 256 50 
288 256 50 
256 288 50 
256 232 50 
256 232 50 
256 232 50 
288 272 50 
232 256 50 
256 228 50 
256 228 50 
256 228 50 
288 288 50 
256 256 50 
228 256 50 
228 256 50 
228 256 50 
288 216 50 
256 256 50 
228 256 50 
228 256 50 
228 256 50 
288 216 50 
240 256 50 
228 256 50 
228 256 50 
228 256 50 
288 216 50 
228 256 50 
256 256 30 
256 256 30 
256 256 30 
256 256 30 
256 256 50 
256 192 50 
256 192 50 
256 192 50 
256 256 50 
192 256 50 
256 256 50 
256 256 50 
256 256 50 
256 256 50 
256 256 50 
256 256 50 
256 256 50 
256 256 50 
256 256 50 
256 256 50 
256 256 50 
256 256 50 
256 256 50 
256 256 50 
256 256 50 
256 256 50 
256 256 50 
256 256 50 
256 256 50 
256 256 50 
256 256 50 
256 256 50 
256 256 50 
288 288 50 
288 288 50 
256 256 50 
256 256 50 
256 256 50 
256 256 50 
256 256 50 
256 256 50 
256 256 50 
256 256 50 
288 288 50 
288 288 50 
256 256 50 
256 256 50 
256 256 50 
288 288 50 
288 288 50 
256 256 50 
256 256 50 
256 256 50 
288 288 50 
288 288 50 
256 256 50 
256 256 50 
256 256 50 
288 288 50 
288 288 50 
256 256 50 
256 256 50 
256 256 50 
288 288 50 
256 256 50 
256 256 50 
256 256 50 
288 288 50 
288 288 50 
288 288 50 
288 288 50 
288 288 50 
288 288 50 
288 288 50 
180 192 25 
180 192 25 
180 192 25 
192 174 25 
192 192 25 
256 256 50 
256 256 50 
256 256 50 
256 256 50 
256 256 50 
256 256 50 
256 256 50 
256 256 50 
256 256 50 
256 256 50 
256 256 50 
256 256 50 
256 256 50 
256 256 50 
256 256 50 
256 208 22 
256 208 22 
256 208 22 
256 256 20 
256 256 21 
